n_folds: 2
per_fold:
- region: AX
  val_accuracy: 0.8477347957116743
  val_auprc: 0.7806588910255057
  val_auroc: 0.3407428988114709
  val_f1: 0.9175605189247025
  val_lr_loss: 1.7047487497329712
  val_mae: 0.09759504348039627
  val_mse: 0.09234952926635742
  val_pearson_mean: 0.9819019436836243
  val_pearson_median: 0.9816457629203796
  val_precision: 0.8490421266273946
  val_r2: 0.7256519198417664
  val_recall: 0.998108705772812
  val_recon_loss: 0.10289088636636734
  val_rmse: 0.3038906455039978
  val_total_loss: 7.7293701171875
- region: LA
  val_accuracy: 0.9277079303675049
  val_auprc: 0.9179138721003626
  val_auroc: 0.48341374762101574
  val_f1: 0.9624701895318187
  val_lr_loss: 0.47513869404792786
  val_mae: 0.08374189585447311
  val_mse: 0.07437164336442947
  val_pearson_mean: 0.9867368936538696
  val_pearson_median: 0.9870448112487793
  val_precision: 0.9325693900164861
  val_r2: 0.7288578152656555
  val_recall: 0.9943519105527059
  val_recon_loss: 0.08219592273235321
  val_rmse: 0.2727116346359253
  val_total_loss: 6.511035919189453
summary:
  val_accuracy:
    max: 0.9277079303675049
    mean: 0.8877213630395896
    min: 0.8477347957116743
    std: 0.03998656732791528
    values:
    - 0.8477347957116743
    - 0.9277079303675049
  val_auprc:
    max: 0.9179138721003626
    mean: 0.8492863815629341
    min: 0.7806588910255057
    std: 0.06862749053742845
    values:
    - 0.7806588910255057
    - 0.9179138721003626
  val_auroc:
    max: 0.48341374762101574
    mean: 0.4120783232162433
    min: 0.3407428988114709
    std: 0.07133542440477242
    values:
    - 0.3407428988114709
    - 0.48341374762101574
  val_f1:
    max: 0.9624701895318187
    mean: 0.9400153542282605
    min: 0.9175605189247025
    std: 0.02245483530355813
    values:
    - 0.9175605189247025
    - 0.9624701895318187
  val_lr_loss:
    max: 1.7047487497329712
    mean: 1.0899437218904495
    min: 0.47513869404792786
    std: 0.6148050278425217
    values:
    - 1.7047487497329712
    - 0.47513869404792786
  val_mae:
    max: 0.09759504348039627
    mean: 0.09066846966743469
    min: 0.08374189585447311
    std: 0.006926573812961578
    values:
    - 0.09759504348039627
    - 0.08374189585447311
  val_mse:
    max: 0.09234952926635742
    mean: 0.08336058631539345
    min: 0.07437164336442947
    std: 0.008988942950963974
    values:
    - 0.09234952926635742
    - 0.07437164336442947
  val_pearson_mean:
    max: 0.9867368936538696
    mean: 0.984319418668747
    min: 0.9819019436836243
    std: 0.0024174749851226807
    values:
    - 0.9819019436836243
    - 0.9867368936538696
  val_pearson_median:
    max: 0.9870448112487793
    mean: 0.9843452870845795
    min: 0.9816457629203796
    std: 0.002699524164199829
    values:
    - 0.9816457629203796
    - 0.9870448112487793
  val_precision:
    max: 0.9325693900164861
    mean: 0.8908057583219404
    min: 0.8490421266273946
    std: 0.04176363169454572
    values:
    - 0.8490421266273946
    - 0.9325693900164861
  val_r2:
    max: 0.7288578152656555
    mean: 0.7272548675537109
    min: 0.7256519198417664
    std: 0.00160294771194458
    values:
    - 0.7256519198417664
    - 0.7288578152656555
  val_recall:
    max: 0.998108705772812
    mean: 0.9962303081627589
    min: 0.9943519105527059
    std: 0.0018783976100530397
    values:
    - 0.998108705772812
    - 0.9943519105527059
  val_recon_loss:
    max: 0.10289088636636734
    mean: 0.09254340454936028
    min: 0.08219592273235321
    std: 0.010347481817007065
    values:
    - 0.10289088636636734
    - 0.08219592273235321
  val_rmse:
    max: 0.3038906455039978
    mean: 0.28830114006996155
    min: 0.2727116346359253
    std: 0.015589505434036255
    values:
    - 0.3038906455039978
    - 0.2727116346359253
  val_total_loss:
    max: 7.7293701171875
    mean: 7.120203018188477
    min: 6.511035919189453
    std: 0.6091670989990234
    values:
    - 7.7293701171875
    - 6.511035919189453
